1001
1002
1003
1004
1005
1006
1007
1008
1009
1010
1011
1012
1013
1014
1015
1016
1017
1018
1019
1020
1021
1022
1023
1024
1025
1026
1027
1028
1029
1030
1031
1032
1033
1034
1035
1036
1037
1038
1039
1040
1041
1042
1043
1044
1045
1046
1047
1048
1049
1050
1051
1052
1053
1054
1055
1056
1057
1058
1059
1060
1061
1062
1063
1064
1065
1066
1067
1068
1069
1070
1071
1072
1073
1074
1075
1076
1077
1078
1079
1080
1081
1082
1083
1084
1085
1086
1087
1088
1089
1090
1091
1092
1093
1094
1095
1096
1097
1098
1099
1100
1101
1102
1103
1104
1105
1106
1107
1108
1109
1110
1111
1112
1113
1114
1115
1116
1117
1118
1119
1120
1121
1122
1123
1124
1125
1126
1127
1128
1129
1130
1131
1132
1133
1134
1135
1136
1137
1138
1139
1140
1141
1142
1143
1144
1145
1146
1147
1148
1149
1150
1151
1152
1153
1154
1155
1156
1157
1158
1159
1160
1161
1192
1193
1194
1195
1196
1235
11201040
1216
1217
1218
1219
1220
1221
1222
1223
1224
1225
1226
1226
1227
1228
1233
1230
1232
1234
1236
1237
1238
1239
1240
1242
1243
1244
1245
1246
1247
1248
1249
1250
1251
1252
1253
1254
1255
1256
1257
1258
1259
1260
1261
1262
1263
1264
11201041
11201042
11201043
11201044
11201045
11201046
11201103
11201102
11201101
11201095
11201104
11201105
11201106
11201107
11201108
11201109
11201110
11201111
11201112
11201113
11201114
11201115
11201116
11201117
11201118
11201119
11201120
11201121
11201122
11201123
11201124
11201125
11201126
11201127
11201128
11201129
11201130
11201131
11201132
11201133
11201134
11201135
11201136
11201137
11201138
11201139
11201140
11201141
11201142
11201143
11201144
11201145
11201146
11201147
11201148
11201149
11201150
11201151
11201152
11201153
11201154
11201155
11201156
11201157
11201158
11201159
11201160
11201161
11201162
11201163
11201164
11201165
11201166
11201167
11201168
11201169
11201170
11201171
11201172
11201173
11201174
11201175
11201176
11201177
11201178
11201179
11201180
11201181
11201182
11201183
11201184
11201185
11201186
11201187
11201188
11201189
11201190
11201191
11201192
11201193
11201194
11201195
11201196
11201197
11201198
11201199
11201200
11201201
11201202
11201203
11201204
11201205
11201206
11201207
11201208
11201209
11201210
11201211
11201212
11201213
11201214
11201215
11201216
11201217
11201218
11201219
11201220
11201221
11201222
11201223
11201224
11201225
11201226
11201227
11201228
11201229
11201230
11201231
11201232
11201233
11201234
11201235
11201236
11201237
11201238
11201239
11201240
11201241
11201242
11201243
11201244
11201245
11201246
11201247
11201248
11201249
11201250
11201251
11201252
11201253
11201254
11201255
11201256
11201257
11201258
11201259
11201260
11201261
11201262
11201263
11201264
11201265
11201266
11201267
11201268
11201269
11201270
11201271
11201272
11201273
11201274
11201275
11201276
11201277
11201278
11201279
11201280
11201281
11201282
11201283
11201284
11201285
11201286
11201287
11201288
11201289
11201290
11201291
11201292
11201293
11201294
11201295
11201296
11201297
11201298
11201299
11201300
11201301
11201302
11201303
11201304
11201305
11201306
11201307
11201308
11201309
11201310
11201311
11201312
11201313
11201314
11201315
11201316
11201317
11201318
11201319
11201320
11201321
11201322
11201323
11201324
11201325
11201326
11201327
11201328
11201329
11201330
11201331
11201332
11201333
11201334
11201335
11201336
11201337
11201338
11201339
11201340
11201341
11201342
11201343
11201344
11201345
11201346
11201347
11201348
11201349
11201350
11201351
11201352
11201353
11201354
11201355
11201356
11201357
11201358
11201359
11201360
11201361
11201362
11201363
11201364
11201365
11201366
11201367
11201368
11201369
11201370
11201371
11201372
11201373
11201374
11201375
11201376
11201377
11201378
11201379
11201380
11201381
11201382
11201383
11201384
11201385
11201386
11201387
11201388
11201389
11201390
11201391
11201392
11201393
11201394
11201395
11201396
11201397
11201398